% columns
% 1 = observation number
% 2 = year of the meeting
% 3 = month of the meeting
% 4 = FFR{t}
% 5 = expected inflation rate, E(PI{t+1}|I_{t}), pi_tp
% 6 = current growth rate of output, Y{t}, gry_t
% 7 = current output gap, gap{t}, gap{t}, gap_t00
% 8 = FFR{t-1}
% 9 = FFR{t-2}
% 10 = constant terms
% 11 = GDP deflator smoothed over current and past 12 quarters
% 12 = trend inflation from Figure 5 in Cogley, Sargent and Primiceri
% (2009) forthcoming in AEJ: Macroeconomics
data_greenbook=[
3	1969	3	6.625	3.85	2.4	0.7	6.4375	6.4375	1	3.761616	3.8302
4	1969	4	7.25	4.35	2.7	0.6	6.625	6.4375	1	3.990106	3.9004
5	1969	4	7.9375	4.15	3	0.5	7.25	6.625	1	3.990106	3.9004
6	1969	5	8.625	4.15	2.2	0.4	7.9375	7.25	1	3.990106	3.9004
7	1969	6	9	4.35	2.3	0.2	8.625	7.9375	1	3.990106	3.9004
8	1969	7	9.125	3.6	1.5	0	9	8.625	1	4.149932	3.9928
9	1969	8	9.75	3.65	1.5	-0.2	9.125	9	1	4.149932	3.9928
10	1969	9	9	3.65	1.8	-0.8	9.75	9.125	1	4.149932	3.9928
11	1969	10	9.125	3.35	1.3	-1.4	9	9.75	1	4.252618	3.9366
12	1969	10	9.125	3.45	1.2	-1.9	9.125	9	1	4.252618	3.9366
13	1969	11	9.125	3.45	1.4	-2.5	9.125	9.125	1	4.252618	3.9366
14	1969	12	9	3.7	1	-2	9.125	9.125	1	4.252618	3.9366
15	1970	1	8.75	4.15	-0.5	-1.4	9	9.125	1	4.414388	3.9872
16	1970	2	8.625	3.85	-1.3	-0.8	8.75	9	1	4.414388	3.9872
17	1970	3	8.125	3.85	-1.3	-1.7	8.625	8.75	1	4.414388	3.9872
18	1970	4	7.75	3.25	0.8	-2.7	8.125	8.625	1	4.713399	4.016
19	1970	5	8.375	3.35	-0.2	-3.5	7.75	8.125	1	4.713399	4.016
20	1970	5	8	3.95	-0.2	-4.1	8.375	7.75	1	4.713399	4.016
21	1970	6	7.625	3.75	-0.4	-4.3	8	8.375	1	4.713399	4.016
22	1970	7	7.0625	3.35	1.6	-4.5	7.625	8	1	4.768297	3.9074
23	1970	8	6.25	3.7	1.6	-4.7	7.0625	7.625	1	4.768297	3.9074
24	1970	9	6.1875	3.9	1.7	-5.1	6.25	7.0625	1	4.768297	3.9074
25	1970	10	6.125	3.65	1.5	-5.5	6.1875	6.25	1	4.881026	3.9776
26	1970	11	5.125	4.15	-0.2	-5.8	6.125	6.1875	1	4.881026	3.9776
27	1970	12	4.75	4.35	-2	-5.9	5.125	6.125	1	4.881026	3.9776
28	1971	1	4	3.75	7	-6	4.75	5.125	1	5.013099	4.2214
29	1971	2	3.625	3.85	6.1	-6.1	4	4.75	1	5.013099	4.2214
30	1971	3	3.625	3.85	7.2	-6.2	3.625	4	1	5.013099	4.2214
31	1971	4	4.125	4.35	6.4	-6.3	3.625	3.625	1	5.09446	4.122
32	1971	5	4.5	4.35	3.1	-6.3	4.125	3.625	1	5.09446	4.122
33	1971	6	5.125	4.4	2.9	-6.4	4.5	4.125	1	5.09446	4.122
34	1971	6	5.375	4.95	3.2	-6.5	5.125	4.5	1	5.09446	4.122
35	1971	7	5.625	5.2	2.7	-6.7	5.375	5.125	1	5.056552	4.0524
36	1971	8	5.625	4.125	3.1	-6.8	5.625	5.375	1	5.056552	4.0524
37	1971	9	5.25	3.05	2.1	-6.7	5.625	5.625	1	5.056552	4.0524
38	1971	10	5.0625	3	7.1	-6.5	5.25	5.625	1	5.002901	4.0488
39	1971	11	4.375	3.55	5.8	-6.3	5.0625	5.25	1	5.002901	4.0488
40	1971	12	3.75	3.55	5.9	-6.3	4.375	5.0625	1	5.002901	4.0488
41	1972	1	3.3125	3	5.8	-6.3	3.75	4.375	1	5.082739	4.4082
42	1972	2	3.25	3	5.9	-6.3	3.3125	3.75	1	5.082739	4.4082
43	1972	3	4.25	3.1	5.9	-6.1	3.25	3.3125	1	5.082739	4.4082
44	1972	4	4.375	3.1	6.2	-6	4.25	3.25	1	4.948166	4.2522
45	1972	5	4.5625	3.4	6.9	-5.8	4.375	4.25	1	4.948166	4.2522
46	1972	6	4.5625	3.4	6.4	-5.2	4.5625	4.375	1	4.948166	4.2522
47	1972	7	4.625	3.375	6.5	-4.7	4.5625	4.5625	1	4.81453	4.4159
48	1972	8	4.875	3.35	6.2	-4.2	4.625	4.5625	1	4.81453	4.4159
49	1972	9	5.1875	3.475	6	-3.8	4.875	4.625	1	4.81453	4.4159
50	1972	10	5.1875	3.6	8.1	-3.6	5.1875	4.875	1	4.724886	4.6625
51	1972	11	5.1875	3.8	7.5	-3.2	5.1875	5.1875	1	4.724886	4.6625
52	1972	12	5.625	3.85	7.6	-3	5.1875	5.1875	1	4.724886	4.6625
53	1973	1	6.25	3.7	6.8	-2.8	5.625	5.1875	1	4.741213	4.8947
54	1973	2	6.6875	4.05	6.5	-2.6	6.25	5.625	1	4.741213	4.8947
55	1973	3	7.125	4.05	6.5	-2.3	6.6875	6.25	1	4.741213	4.8947
56	1973	4	7.1875	4.4	6.1	-2.1	7.125	6.6875	1	4.831682	5.115
57	1973	5	8	4.55	6	-2	7.1875	7.125	1	4.831682	5.115
58	1973	6	9	4.6	5.7	-2.2	8	7.1875	1	4.831682	5.115
59	1973	7	10	5.75	4.4	-2.4	9	8	1	4.985262	5.2381
60	1973	8	10.75	6.35	3.6	-2.7	10	9	1	4.985262	5.2381
61	1973	9	10.375	6.25	4	-2.8	10.75	10	1	4.985262	5.2381
62	1973	10	9.75	5.4	3.5	-2.8	10.375	10.75	1	5.28049	5.4373
63	1973	11	10.125	5.65	3.8	-2.9	9.75	10.375	1	5.28049	5.4373
64	1973	12	9.625	6.65	2	-3.2	10.125	9.75	1	5.28049	5.4373
65	1974	1	9.375	6.2	-1.3	-3.7	9.625	10.125	1	5.537762	5.5511
66	1974	2	8.875	6.4	-3	-4.1	9.375	9.625	1	5.537762	5.5511
67	1974	3	9.875	6.55	-3.4	-4.6	8.875	9.375	1	5.537762	5.5511
68	1974	4	10.5	6.45	-0.3	-5.2	9.875	8.875	1	5.776022	5.6524
69	1974	5	11.375	7.15	-0.4	-5.9	10.5	9.875	1	5.776022	5.6524
70	1974	6	11.875	7.5	-0.5	-6.3	11.375	10.5	1	5.776022	5.6524
71	1974	7	12.25	7.4	0.2	-6.8	11.875	11.375	1	6.359784	5.8819
72	1974	8	11.875	8.1	-0.4	-7.3	12.25	11.875	1	6.359784	5.8819
73	1974	9	11.125	8.65	-0.7	-8	11.875	12.25	1	6.359784	5.8819
74	1974	10	9.625	8	-3.1	-9.3	11.125	11.875	1	7.042914	5.9812
75	1974	11	9.25	8.35	-5.5	-10.5	9.625	11.125	1	7.042914	5.9812
76	1974	12	8.25	8.1	-6.5	-11.8	9.25	9.625	1	7.042914	5.9812
77	1975	1	6.6875	7.05	-5.2	-13.6	8.25	9.25	1	7.529822	5.7185
78	1975	2	5.75	6.5	-10.5	-14.9	6.6875	8.25	1	7.529822	5.7185
79	1975	3	5.25	6	-10.9	-15.3	5.75	6.6875	1	7.529822	5.7185
80	1975	4	5.375	5.7	-0.7	-15.7	5.25	5.75	1	7.471683	5.4117
81	1975	5	5.125	5.9	-1.2	-16.2	5.375	5.25	1	7.471683	5.4117
82	1975	6	5.625	6.55	0.3	-16	5.125	5.375	1	7.471683	5.4117
83	1975	7	6.125	5.95	6.1	-15.8	5.625	5.125	1	7.88157	5.4134
84	1975	8	6.1875	7.95	7	-15.5	6.125	5.625	1	7.88157	5.4134
85	1975	9	6.375	7.95	7.9	-14.8	6.1875	6.125	1	7.88157	5.4134
86	1975	10	5.5	5.35	7.6	-13.9	6.375	6.1875	1	8.153631	5.333
87	1975	11	5	5.25	7.4	-13.2	5.5	6.375	1	8.153631	5.333
88	1975	12	5.25	5.1	5	-13	5	5.5	1	8.153631	5.333
89	1976	1	4.75	5.65	4.5	-12.8	5.25	5	1	8.138406	5.16
90	1976	2	4.75	5.75	6.5	-12.6	4.75	5.25	1	8.138406	5.16
91	1976	3	4.75	5.65	6.6	-12.3	4.75	4.75	1	8.138406	5.16
92	1976	4	4.875	5.65	5.2	-12	4.75	4.75	1	8.058069	5.0501
93	1976	5	5.375	5.9	6.7	-11.7	4.875	4.75	1	8.058069	5.0501
94	1976	6	5.5	6	5.7	-11.5	5.375	4.875	1	8.058069	5.0501
95	1976	7	5.25	5.7	5.4	-11.4	5.5	5.375	1	7.952636	5.0859
96	1976	8	5.25	5.8	5.3	-11.2	5.25	5.5	1	7.952636	5.0859
97	1976	9	5.25	5.9	4	-11.4	5.25	5.25	1	7.952636	5.0859
98	1976	10	4.875	5.2	5.1	-11.5	5.25	5.25	1	7.888433	5.2095
99	1976	11	4.75	5.6	3.3	-11.6	4.875	5.25	1	7.888433	5.2095
100	1976	12	4.625	5.65	3.5	-10	4.75	4.875	1	7.888433	5.2095
101	1977	1	4.6875	5.2	5	-8.7	4.625	4.75	1	7.87826	5.2568
102	1977	2	4.6875	5.65	3.8	-7.5	4.6875	4.625	1	7.87826	5.2568
103	1977	3	4.6875	5.7	4.5	-7.1	4.6875	4.6875	1	7.87826	5.2568
104	1977	4	4.8125	6.15	7.2	-6.7	4.6875	4.6875	1	7.726972	5.3159
105	1977	5	5.375	6.1	7	-6.4	4.8125	4.6875	1	7.726972	5.3159
106	1977	6	5.375	6.45	6.6	-5.8	5.375	4.8125	1	7.726972	5.3159
107	1977	7	5.375	6.4	5.5	-5.4	5.375	5.375	1	7.448273	5.3145
108	1977	8	6	6.25	5.3	-5	5.375	5.375	1	7.448273	5.3145
109	1977	9	6.25	6.4	4.4	-5	6	5.375	1	7.448273	5.3145
110	1977	10	6.5	6.25	5.2	-5.1	6.25	6	1	6.978414	5.3998
111	1977	11	6.5	6.25	5	-5.1	6.5	6.25	1	6.978414	5.3998
112	1977	12	6.5	6.35	5.1	-5	6.5	6.5	1	6.978414	5.3998
113	1978	1	6.75	6.2	5.4	-4.9	6.5	6.5	1	6.504179	5.4312
114	1978	2	6.75	6	4.4	-4.8	6.75	6.5	1	6.504179	5.4312
115	1978	3	6.75	6.1	3.4	-4.8	6.75	6.75	1	6.504179	5.4312
116	1978	4	7	6.9	6.7	-4.8	6.75	6.75	1	6.381172	5.7323
117	1978	5	7.5	7.05	9	-4.8	7	6.75	1	6.381172	5.7323
118	1978	6	7.75	7.1	8.8	-5.1	7.5	7	1	6.381172	5.7323
119	1978	7	7.875	7.2	3.5	-5.3	7.75	7.5	1	6.469697	5.7021
120	1978	8	8	7.5	3.3	-5.5	7.875	7.75	1	6.469697	5.7021
121	1978	9	8.5	7.45	2.9	-5.4	8	7.875	1	6.469697	5.7021
122	1978	10	9	7.15	3.3	-5.3	8.5	8	1	6.525736	5.8492
123	1978	11	9.875	7.3	3.3	-5.2	9	8.5	1	6.525736	5.8492
124	1978	12	10.0625	7.65	4.4	-3.9	9.875	9	1	6.525736	5.8492
125	1979	2	10.0625	7.25	4	-1.6	10.0625	9.875	1	6.549145	5.8075
126	1979	3	10.0625	7.7	3	-1.9	10.0625	10.0625	1	6.549145	5.8075
127	1979	4	10.0625	8.1	2.4	-2.2	10.0625	10.0625	1	6.974059	5.9774
128	1979	5	10.25	8.15	2.2	-2.4	10.0625	10.0625	1	6.974059	5.9774
129	1979	7	10.25	10.3	-2.4	-3.4	10.25	10.0625	1	7.300533	5.9039
130	1979	8	11	9.9	-1.8	-4.1	10.25	10.25	1	7.300533	5.9039
131	1979	9	11.5	9.9	0.7	-4.1	11	10.25	1	7.300533	5.9039
